Coleta - 2017-06-26 16:04:23.981136
Quaternions das seguintes Joints: 
q_w	q_x	q_y	q_z
RIGHT WRIST	RIGHT ELBOW	UNILAT TORSO	LEFT ELBOW	LEFT WRIST
************************************ DADOS: ************************************
0.999550	-0.000136	-0.000112	-0.029064	0.999945	0.000202	-0.000425	0.004577	0.999914	0.000077	-0.004511	-0.007189	0.999946	-0.000759	0.004584	-0.004969	0.999624	0.004815	0.023781	-0.004141
0.999491	-0.000138	-0.000111	-0.029187	0.999945	0.000207	-0.000425	0.004638	0.999914	0.000080	-0.004513	-0.007250	0.999946	-0.000759	0.004584	-0.004969	0.999627	0.004815	0.023720	-0.004139
0.999494	-0.000140	-0.000111	-0.029370	0.999945	0.000268	-0.000425	0.004633	0.999915	0.000083	-0.004515	-0.007311	0.999946	-0.000763	0.004579	-0.005029	0.999624	0.004818	0.023780	-0.004202
0.999498	-0.000142	-0.000111	-0.029553	0.999945	0.000273	-0.000425	0.004693	0.999915	0.000083	-0.004515	-0.007311	0.999946	-0.000763	0.004579	-0.005029	0.999626	0.004757	0.023780	-0.004205
0.999499	-0.000080	-0.000051	-0.029615	0.999945	0.000217	-0.000425	0.004759	0.999915	0.000086	-0.004517	-0.007372	0.999890	-0.000771	0.004639	-0.005095	0.999626	0.004757	0.023780	-0.004205
0.999499	-0.000019	-0.000052	-0.029616	0.999945	0.000217	-0.000425	0.004759	0.999917	0.000025	-0.004517	-0.007375	0.999890	-0.000771	0.004639	-0.005095	0.999626	0.004760	0.023778	-0.004266
0.999500	-0.000018	0.000009	-0.029616	0.999945	0.000278	-0.000425	0.004754	0.999915	0.000089	-0.004519	-0.007433	0.999890	-0.000775	0.004634	-0.005156	0.999621	0.004821	0.023839	-0.004264
0.999501	0.000044	0.000069	-0.029616	0.999945	0.000283	-0.000425	0.004815	0.999916	0.000092	-0.004521	-0.007494	0.999890	-0.000775	0.004634	-0.005156	0.999621	0.004825	0.023837	-0.004325
0.999501	0.000045	0.000130	-0.029616	0.999945	0.000283	-0.000425	0.004815	0.999916	0.000092	-0.004521	-0.007494	0.999885	-0.000719	0.004629	-0.005220	0.999624	0.004825	0.023776	-0.004323
0.999501	0.000106	0.000129	-0.029617	0.999945	0.000289	-0.000425	0.004876	0.999918	0.000034	-0.004523	-0.007558	0.999885	-0.000719	0.004629	-0.005220	0.999624	0.004825	0.023776	-0.004323
0.999502	0.000107	0.000190	-0.029617	0.999945	0.000289	-0.000425	0.004876	0.999918	0.000034	-0.004523	-0.007558	0.999945	-0.000657	0.004681	-0.005290	0.999624	0.004828	0.023775	-0.004384
0.999503	0.000169	0.000250	-0.029618	0.999945	0.000289	-0.000425	0.004876	0.999915	0.000037	-0.004464	-0.007621	0.999894	-0.000784	0.004685	-0.005282	0.999624	0.004828	0.023775	-0.004384
0.999503	0.000169	0.000250	-0.029618	0.999945	0.000294	-0.000425	0.004937	0.999916	0.000040	-0.004466	-0.007682	0.999889	-0.000723	0.004685	-0.005286	0.999624	0.004831	0.023773	-0.004445
0.999503	0.000170	0.000311	-0.029618	0.999945	0.000294	-0.000425	0.004937	0.999916	0.000043	-0.004468	-0.007743	0.999945	-0.000661	0.004677	-0.005351	0.999624	0.004831	0.023773	-0.004445
0.999503	0.000230	0.000249	-0.029618	0.999945	0.000299	-0.000425	0.004997	0.999916	0.000043	-0.004468	-0.007743	0.999945	-0.000661	0.004677	-0.005351	0.999624	0.004834	0.023772	-0.004506
****************************** MARCA-4 ******************************
0.999503	0.000231	0.000310	-0.029618	0.999945	0.000299	-0.000425	0.004997	0.999916	0.000046	-0.004470	-0.007804	0.999945	-0.000666	0.004672	-0.005411	0.999624	0.004834	0.023772	-0.004506
0.999505	0.000231	0.000310	-0.029679	0.999945	0.000304	-0.000425	0.005058	0.999917	0.000049	-0.004472	-0.007864	0.999945	-0.000666	0.004672	-0.005411	0.999624	0.004834	0.023772	-0.004506
0.999505	0.000231	0.000310	-0.029679	0.999945	0.000304	-0.000425	0.005058	0.999917	0.000049	-0.004472	-0.007864	0.999945	-0.000670	0.004667	-0.005472	0.999624	0.004838	0.023770	-0.004567
****************************** MARCA-5 ******************************
0.999505	0.000293	0.000370	-0.029680	0.999945	0.000304	-0.000425	0.005058	0.999915	0.000113	-0.004474	-0.007922	0.999945	-0.000670	0.004667	-0.005472	0.999626	0.004777	0.023770	-0.004570
0.999505	0.000293	0.000370	-0.029680	0.999940	0.000309	-0.000486	0.005119	0.999916	0.000116	-0.004476	-0.007983	0.999945	-0.000674	0.004662	-0.005533	0.999629	0.004777	0.023709	-0.004569
0.999505	0.000293	0.000370	-0.029680	0.999940	0.000309	-0.000486	0.005119	0.999918	0.000058	-0.004477	-0.008047	0.999945	-0.000674	0.004662	-0.005533	0.999629	0.004780	0.023708	-0.004630
0.999505	0.000293	0.000370	-0.029680	0.999940	0.000314	-0.000486	0.005180	0.999918	0.000058	-0.004477	-0.008047	0.999941	-0.000617	0.004658	-0.005598	0.999629	0.004780	0.023708	-0.004630
0.999506	0.000353	0.000368	-0.029742	0.999940	0.000314	-0.000486	0.005180	0.999918	0.000061	-0.004479	-0.008108	0.999945	-0.000678	0.004658	-0.005593	0.999632	0.004780	0.023647	-0.004628
0.999506	0.000353	0.000368	-0.029742	0.999950	0.000192	-0.000365	0.005190	0.999917	0.000124	-0.004482	-0.008166	0.999941	-0.000621	0.004653	-0.005658	0.999629	0.004783	0.023706	-0.004691
0.999507	0.000354	0.000429	-0.029742	0.999956	0.000132	-0.000304	0.005195	0.999917	0.000127	-0.004484	-0.008227	0.999941	-0.000621	0.004653	-0.005658	0.999629	0.004786	0.023705	-0.004752
0.999507	0.000415	0.000428	-0.029742	0.999966	0.000071	-0.000182	0.005200	0.999917	0.000127	-0.004484	-0.008227	0.999889	-0.000691	0.004713	-0.005720	0.999629	0.004786	0.023705	-0.004752
0.999507	0.000415	0.000428	-0.029742	0.999971	0.000010	-0.000121	0.005205	0.999914	0.000131	-0.004425	-0.008290	0.999894	-0.000751	0.004713	-0.005716	0.999629	0.004786	0.023705	-0.004752
0.999507	0.000415	0.000428	-0.029742	0.999910	-0.000056	-0.000116	0.005150	0.999917	0.000130	-0.004485	-0.008288	0.999898	-0.000751	0.004774	-0.005720	0.999629	0.004789	0.023703	-0.004813
0.999507	0.000415	0.000428	-0.029742	0.999920	-0.000117	0.000005	0.005155	0.999915	0.000134	-0.004426	-0.008351	0.999935	-0.000500	0.004714	-0.005671	0.999632	0.004789	0.023642	-0.004811
0.999507	0.000415	0.000428	-0.029742	0.999926	-0.000173	0.000066	0.005221	0.999915	0.000137	-0.004428	-0.008412	0.999931	-0.000443	0.004709	-0.005736	0.999631	0.004854	0.023641	-0.004869
0.999508	0.000477	0.000488	-0.029743	0.999926	-0.000239	0.000066	0.005165	0.999915	0.000137	-0.004428	-0.008412	0.999908	-0.000204	0.004643	-0.005808	0.999634	0.004857	0.023578	-0.004928
0.999508	0.000477	0.000488	-0.029743	0.999931	-0.000300	0.000127	0.005170	0.999918	0.000139	-0.004491	-0.008471	0.999922	-0.000390	0.004639	-0.005857	0.999634	0.004857	0.023578	-0.004928
