joint_name	[position]	[origin]	[quaternion]
head	0.0000,-0.0000,1.9991	0.0000,0.0000,2.0000	1.000000,0.000000,0.000000,0.000000
torso	0.0000,0.0000,0.0000	0.0000,0.0000,0.0000	0.999939,0.000977,-0.002930,-0.001648
waist	0.0000,0.0000,-4.0000	0.0000,0.0000,-4.0000	1.000000,0.000000,0.000000,0.000000
right_shoulder	2.9987,0.0000,0.0000	3.0000,0.0000,0.0000	1.000000,0.000000,0.000000,0.000000
right_elbow	4.9916,-0.0155,0.1453	5.0000,0.0000,0.0000	0.999329,0.001160,-0.036377,-0.003845
right_wrist	6.9827,-0.0201,0.2873	7.0000,0.0000,0.0000	0.999329,0.001343,-0.035583,-0.001099
left_shoulder	-2.9987,-0.0000,-0.0000	-3.0000,0.0000,0.0000	1.000000,0.000000,0.000000,0.000000
left_elbow	-4.9925,0.0161,-0.1258	-5.0000,0.0000,0.0000	0.999451,0.000183,-0.031494,-0.004028
left_wrist	-6.9883,0.0161,-0.1258	-7.0000,0.0000,0.0000	1.000000,0.000000,0.000000,0.000000
