joint_name	[position]	[origin]	[quaternion]
head	[ 0.  0.  2.]	[0 0 2]	[1 0 0 0]
torso	[ 0.  0.  0.]	[0 0 0]	[1 0 0 0]
waist	[ 0.  0. -4.]	[ 0  0 -4]	[1 0 0 0]
right_shoulder	[ 3.  0.  0.]	[3 0 0]	[1 0 0 0]
right_elbow	[  5.00000000e+00   1.11022302e-15  -7.91033905e-16]	[5 0 0]	[1 0 0 0]
right_wrist	[  7.00000000e+00   2.08028920e-15  -1.16605944e-15]	[7 0 0]	[1 0 0 0]
left_shoulder	[-3.  0.  0.]	[-3  0  0]	[1 0 0 0]
left_elbow	[-5.  0.  0.]	[-5  0  0]	[1 0 0 0]
left_wrist	[ -7.00000000e+00   5.27355937e-16  -1.82015861e-15]	[-7  0  0]	[1 0 0 0]
