joint_name	[position]	[origin]	[quaternion]
head	[ 0.  0.  2.]	[0 0 2]	[1 0 0 0]
torso	[ 0.  0.  0.]	[0 0 0]	[1 0 0 0]
waist	[ 0.  0. -4.]	[ 0  0 -4]	[1 0 0 0]
right_shoulder	[ 3.  0.  0.]	[3 0 0]	[1 0 0 0]
right_elbow	[ 3.39234939 -1.87938524  0.560333  ]	[5 0 0]	[0.72659673730442231, 0.26484812406938829, -0.37824232047908457, -0.50876851269913648]
right_wrist	[ 3.78469878 -3.75877048  1.120666  ]	[7 0 0]	[ 0.72659674  0.26484812 -0.37824232 -0.50876851]
left_shoulder	[-3.  0.  0.]	[-3  0  0]	[1 0 0 0]
left_elbow	[-3.  0. -2.]	[-5  0  0]	[0.7071067811865476, 0, -0.7071067811865476, 0]
left_wrist	[-4.14715287  1.56671799 -2.47899376]	[-7  0  0]	[-0.71302974369210759, -0.52761425566969877, 0.37117979062946793, 0.27465859690303035]
